'{'{  0,  0,  0,  0,  0,  0,  0,  0,  0,  0,  0,  0,  0,  0,  0,  0,  0,  0,  0,  0,  0,  0,  0,  0,  0,  0,  0,  0,  0,  0,  0,  0,  0,  0,  0,  0,  0,  0,  0,  0,  0,  0,  0,  0,  0,  0,  0,  0,  0,  0,  0,  0,  0,  0,  0,  0,  0,  0,  0,  0,  0,  0,  0,  0,  0,  0,  0,  0,  0,  0,  0,  0,  0,  0,  0,  0,  0,  0,  0,  0,  0,  0,  0,  0,  0,  0,  0,  0,  0,  0,  0,  0,  0,  0,  0,  0,  0,  0,  0,  0,  0,  0,  0,  0,  0,  0,  0,  0,  0,  0,  0,  0,  0,  0,  0,  0,  0,  0,  0,  0,  0,  0,  0,  0,  0,  0,  0,  0,  0,  0,  0,  0,  0},
  '{  0,  0,  0,  0,  0,  0,  2,  2,  2,  2,  0,  0,  0,  0,  0,  0,  0,  0,  0,  0,  0,  0,  0,  2,  2,  2,  2,  0,  0,  0,  0,  0,  0,  0,  0,  0,  0,  0,  0,  2,  2,  2,  2,  0,  0,  0,  0,  0,  0,  0,  0,  0,  0,  0,  0,  0,  2,  2,  2,  2,  0,  0,  0,  0,  0,  0,  0,  0,  0,  0,  0,  0,  0,  2,  2,  2,  0,  0,  0,  0,  0,  0,  0,  0,  0,  0,  0,  0,  0,  2,  2,  2,  2,  0,  0,  0,  0,  0,  0,  0,  0,  0,  0,  0,  0,  0,  2,  2,  2,  2,  0,  0,  0,  0,  0,  0,  0,  0,  0,  0,  0,  0,  2,  2,  2,  2,  0,  0,  0,  0,  0,  0,  0},
  '{  0,  0,  0,  0,  2,  2,  7,  7,  7,  7,  2,  2,  0,  0,  0,  0,  0,  0,  0,  0,  0,  2,  2,  7,  7,  7,  7,  2,  2,  0,  0,  0,  0,  0,  0,  0,  0,  2,  2,  2,  7,  7,  7,  2,  2,  0,  0,  0,  0,  0,  0,  0,  0,  0,  2,  2,  7,  7,  7,  7,  2,  2,  0,  0,  0,  0,  0,  0,  0,  0,  0,  2,  2,  7,  7,  7,  2,  2,  2,  0,  0,  0,  0,  0,  0,  0,  0,  2,  2,  7,  7,  7,  7,  2,  2,  0,  0,  0,  0,  0,  0,  0,  0,  0,  2,  2,  7,  7,  7,  7,  2,  2,  0,  0,  0,  0,  0,  0,  0,  0,  2,  2,  7,  7,  7,  7,  2,  2,  0,  0,  0,  0,  0},
  '{  0,  0,  0,  2,  7,  7,  7,  7,  7,  7,  7,  7,  2,  0,  0,  0,  0,  0,  0,  0,  2,  7,  7,  7,  7,  7,  7,  7,  7,  2,  0,  0,  0,  0,  0,  0,  2,  7,  7,  7,  7,  7,  7,  7,  7,  2,  0,  0,  0,  0,  0,  0,  0,  2,  7,  7,  7,  7,  7,  7,  7,  7,  2,  0,  0,  0,  0,  0,  0,  0,  2,  2,  7,  7,  7,  7,  7,  2,  2,  2,  0,  0,  0,  0,  0,  0,  2,  2,  2,  7,  7,  7,  7,  2,  2,  2,  0,  0,  0,  0,  0,  0,  0,  2,  7,  7,  7,  7,  7,  7,  7,  7,  2,  0,  0,  0,  0,  0,  0,  2,  7,  7,  7,  7,  7,  7,  7,  7,  2,  0,  0,  0,  0},
  '{  0,  0,  2,  7,  7,  7,  7,  7,  7,  7,  7,  7,  7,  2,  0,  0,  0,  0,  0,  2,  7,  7,  7,  7,  7,  7,  7,  7,  7,  7,  2,  0,  0,  0,  0,  2,  2,  7,  7,  7,  7,  7,  7,  7,  7,  7,  2,  0,  0,  0,  0,  0,  2,  7,  7,  7,  7,  7,  7,  7,  7,  7,  7,  2,  0,  0,  0,  0,  0,  2,  9,  9,  2,  7,  7,  7,  2,  9,  9,  2,  0,  0,  0,  0,  0,  2,  7,  9,  9,  7,  7,  7,  7,  9,  9,  7,  2,  0,  0,  0,  0,  0,  2,  7,  7,  7,  7,  7,  7,  7,  7,  7,  7,  2,  0,  0,  0,  0,  2,  7,  7,  7,  7,  7,  7,  7,  7,  7,  7,  2,  0,  0,  0},
  '{  0,  0,  7,  7,  7,  7, 12, 12, 12,  7,  7, 12, 12, 12,  2,  0,  0,  0,  0,  7,  7,  7, 12, 12, 12,  7,  7,  7, 12, 12,  7,  0,  0,  0,  0,  2, 12, 12, 12,  7,  7, 12, 12, 12,  7,  7,  7,  2,  0,  0,  0,  0, 12, 12, 12,  7,  7,  7, 12, 12,  7,  7,  7,  7,  0,  0,  0,  0,  2, 12, 12, 11, 12, 12,  7,  7, 12, 11, 11, 12,  2,  0,  0,  0,  0,  7, 12, 11, 11, 12,  7,  7, 12, 11, 11, 12,  7,  0,  0,  0,  0,  2,  7,  7,  7,  7,  7,  7,  7,  7,  7,  7,  7,  7,  0,  0,  0,  0,  7,  7,  7,  7,  7,  7,  7,  7,  7,  7,  7,  7,  2,  0,  0},
  '{  0,  0,  7,  7,  7, 12, 12, 12, 11,  7, 12, 12, 12, 11,  2,  0,  0,  0,  0,  7,  7,  7, 12, 12, 11,  2,  7, 12, 12, 11, 11,  0,  0,  0,  0,  2, 11, 12, 12,  7,  7, 11, 12, 12, 12,  7,  7,  2,  0,  0,  0,  0, 11, 11, 12, 12,  7, 11, 11, 12, 12,  7,  7,  7,  0,  0,  0,  0,  2, 12, 12, 12, 12, 12,  7,  7, 12, 12, 12, 12,  2,  0,  0,  0,  0,  7, 12, 12, 12, 12,  7,  7, 12, 12, 12, 12,  7,  0,  0,  0,  0,  2,  7, 12, 12, 12,  7,  7,  7, 12, 12, 12,  7,  7,  0,  0,  0,  0,  7,  7, 12, 12, 12,  7,  7,  7, 12, 12, 12,  7,  2,  0,  0},
  '{  0,  0,  7,  7,  7, 12, 12,  9,  9,  7, 12, 12, 11,  9,  9,  0,  0,  0,  2,  7,  7,  7, 12, 12,  9,  9,  7, 12, 12,  9,  9,  2,  0,  0,  0,  9,  9, 12, 12,  7,  9,  9, 11, 12, 12,  7,  7,  2,  0,  0,  0,  2,  9,  9, 12, 12,  7,  9,  9, 12, 12,  7,  7,  7,  2,  0,  0,  0,  2,  7, 12, 12, 12,  7,  7,  7, 12, 12, 12,  7,  7,  0,  0,  0,  2,  7, 12, 12, 12, 12,  7,  7, 12, 12, 12, 12,  7,  2,  0,  0,  0,  2,  7, 12, 12, 12, 12,  7,  7, 12, 12, 12, 12,  7,  0,  0,  0,  2,  7, 12, 12, 12, 12,  7,  7, 12, 12, 12, 12,  7,  2,  0,  0},
  '{  0,  7,  7,  7,  7, 12, 12, 11,  9,  7,  7, 12, 11,  9,  7,  2,  0,  2,  7,  7,  7,  7, 12, 12,  9,  9,  7, 12, 12, 11,  9,  7,  0,  0,  2,  2,  9, 12, 12,  7,  7,  9, 12, 12,  7,  7,  7,  7,  2,  0,  0,  7,  9, 11, 12, 12,  7,  9, 11, 12, 12,  7,  7,  7,  7,  0,  0,  2,  7,  7,  7, 12,  7,  7,  7,  7,  7, 12,  7,  7,  7,  2,  0,  0,  7,  7,  7, 12, 12,  7,  7,  7,  7, 12, 12,  7,  7,  7,  0,  0,  2,  7,  7, 12, 11, 12, 12,  7,  7, 12, 11, 12, 12,  7,  7,  0,  0,  7,  7, 12, 12, 11, 12,  7,  7, 12, 12, 11, 12,  7,  7,  2,  0},
  '{  0,  7,  7,  7,  7,  7, 12, 12,  7,  7,  7,  7, 12,  7,  7,  2,  0,  2,  7,  7,  7,  7,  7, 12, 12,  7,  7,  7, 12, 12,  7,  7,  0,  0,  2,  7, 12, 12,  7,  7,  7,  7, 12,  7,  7,  7,  7,  7,  2,  0,  0,  7,  7, 12, 12,  7,  7,  7, 12, 12,  7,  7,  7,  7,  7,  0,  0,  2,  7,  7,  7,  7,  7,  7,  7,  7,  7,  7,  7,  7,  7,  2,  0,  0,  7,  7,  7,  7,  7,  7,  7,  7,  7,  7,  7,  7,  7,  7,  0,  0,  2,  7,  7,  2,  9,  9,  7,  7,  7,  2,  9,  9, 12,  7,  7,  0,  0,  7,  7, 12,  9,  9, 12,  7,  7,  7,  9,  9,  2,  7,  7,  2,  0},
  '{  0,  7,  7,  7,  7,  7,  7,  7,  7,  7,  7,  7,  7,  7,  7,  2,  0,  2,  7,  7,  7,  7,  7,  7,  7,  7,  7,  7,  7,  7,  7,  7,  0,  0,  2,  7,  7,  7,  7,  7,  7,  7,  7,  7,  7,  7,  7,  7,  2,  0,  0,  7,  7,  7,  7,  7,  7,  7,  7,  7,  7,  7,  7,  7,  7,  0,  0,  2,  7,  7,  7,  7,  7,  7,  7,  7,  7,  7,  7,  7,  7,  2,  0,  0,  7,  7,  7,  7,  7,  7,  7,  7,  7,  7,  7,  7,  7,  7,  0,  0,  2,  7,  7,  7,  9,  2,  7,  7,  7,  7,  9,  9,  7,  7,  7,  0,  0,  7,  7,  7,  9,  9,  7,  7,  7,  7,  2,  9,  7,  7,  7,  2,  0},
  '{  0,  7,  7,  7,  7,  7,  7,  7,  7,  7,  7,  7,  7,  7,  7,  2,  0,  2,  7,  7,  7,  7,  7,  7,  7,  7,  7,  7,  7,  7,  7,  7,  0,  0,  2,  7,  7,  7,  7,  7,  7,  7,  7,  7,  7,  7,  7,  7,  2,  0,  0,  7,  7,  7,  7,  7,  7,  7,  7,  7,  7,  7,  7,  7,  7,  0,  0,  2,  7,  7,  7,  7,  7,  7,  7,  7,  7,  7,  7,  7,  7,  2,  0,  0,  7,  7,  7,  7,  7,  7,  7,  7,  7,  7,  7,  7,  7,  7,  0,  0,  2,  7,  7,  7,  7,  7,  7,  7,  7,  7,  7,  7,  7,  7,  7,  0,  0,  7,  7,  7,  7,  7,  7,  7,  7,  7,  7,  7,  7,  7,  7,  2,  0},
  '{  0,  7,  7,  7,  7,  7,  7,  7,  7,  7,  7,  7,  7,  7,  7,  2,  0,  2,  7,  7,  7,  7,  7,  7,  7,  7,  7,  7,  7,  7,  7,  7,  0,  0,  2,  7,  7,  7,  7,  7,  7,  7,  7,  7,  7,  7,  7,  7,  2,  0,  0,  7,  7,  7,  7,  7,  7,  7,  7,  7,  7,  7,  7,  7,  7,  0,  0,  2,  7,  7,  7,  7,  7,  7,  7,  7,  7,  7,  7,  7,  7,  2,  0,  0,  7,  7,  7,  7,  7,  7,  7,  7,  7,  7,  7,  7,  7,  7,  0,  0,  2,  7,  7,  7,  7,  7,  7,  7,  7,  7,  7,  7,  7,  7,  7,  0,  0,  7,  7,  7,  7,  7,  7,  7,  7,  7,  7,  7,  7,  7,  7,  2,  0},
  '{  0,  7,  7,  7,  7,  7,  7,  7,  2,  7,  7,  7,  7,  7,  7,  2,  0,  2,  7,  7,  7,  7,  7,  7,  7,  7,  7,  2,  7,  7,  7,  7,  0,  0,  2,  7,  7,  7,  7,  7,  7,  2,  7,  7,  7,  7,  7,  7,  2,  0,  0,  7,  7,  7,  7,  2,  7,  7,  7,  7,  2,  7,  7,  7,  7,  0,  0,  2,  7,  7,  7,  7,  7,  7,  2,  7,  7,  7,  7,  7,  7,  2,  0,  0,  7,  7,  7,  7,  2,  7,  7,  7,  7,  7,  7,  7,  7,  7,  0,  0,  2,  7,  7,  7,  7,  7,  7,  2,  7,  7,  7,  7,  7,  7,  7,  0,  0,  7,  7,  7,  7,  7,  7,  7,  7,  7,  7,  7,  7,  7,  7,  2,  0},
  '{  0,  7,  7,  0,  2,  7,  7,  0,  0,  2,  7,  7,  2,  2,  7,  2,  0,  0,  7,  7,  7,  2,  0,  7,  7,  7,  2,  0,  7,  7,  7,  7,  0,  0,  2,  7,  0,  2,  7,  7,  2,  0,  2,  7,  7,  2,  0,  7,  2,  0,  0,  7,  7,  7,  2,  0,  7,  7,  7,  7,  0,  2,  7,  7,  7,  0,  0,  2,  7,  0,  2,  7,  7,  2,  0,  2,  7,  7,  2,  0,  7,  2,  0,  0,  7,  7,  7,  7,  0,  2,  7,  7,  7,  0,  2,  7,  7,  7,  0,  0,  2,  7,  2,  2,  7,  7,  2,  0,  0,  7,  7,  2,  0,  7,  7,  0,  0,  7,  7,  7,  7,  0,  2,  7,  7,  7,  0,  2,  7,  7,  7,  2,  0},
  '{  0,  2,  0,  0,  0,  2,  7,  0,  0,  2,  7,  0,  0,  0,  2,  2,  0,  0,  0,  7,  2,  0,  0,  0,  7,  2,  0,  0,  0,  7,  7,  0,  0,  0,  2,  0,  0,  0,  2,  7,  0,  0,  2,  7,  2,  0,  0,  0,  2,  0,  0,  0,  7,  2,  0,  0,  0,  7,  7,  0,  0,  0,  2,  7,  0,  0,  0,  2,  0,  0,  0,  2,  7,  2,  0,  0,  7,  2,  0,  0,  0,  2,  0,  0,  0,  7,  7,  0,  0,  0,  2,  7,  0,  0,  0,  2,  7,  0,  0,  0,  2,  2,  0,  0,  2,  7,  2,  0,  0,  7,  2,  0,  0,  0,  2,  0,  0,  0,  7,  7,  0,  0,  0,  2,  7,  0,  0,  0,  2,  7,  2,  0,  0},
  '{  0,  0,  0,  0,  0,  0,  0,  0,  0,  0,  0,  0,  0,  0,  0,  0,  0,  0,  0,  0,  0,  0,  0,  0,  0,  0,  0,  0,  0,  0,  0,  0,  0,  0,  0,  0,  0,  0,  0,  0,  0,  0,  0,  0,  0,  0,  0,  0,  0,  0,  0,  0,  0,  0,  0,  0,  0,  0,  0,  0,  0,  0,  0,  0,  0,  0,  0,  0,  0,  0,  0,  0,  0,  0,  0,  0,  0,  0,  0,  0,  0,  0,  0,  0,  0,  0,  0,  0,  0,  0,  0,  0,  0,  0,  0,  0,  0,  0,  0,  0,  0,  0,  0,  0,  0,  0,  0,  0,  0,  0,  0,  0,  0,  0,  0,  0,  0,  0,  0,  0,  0,  0,  0,  0,  0,  0,  0,  0,  0,  0,  0,  0,  0}};
Width:   133  Height:    17
