'{'{  0,  0,  0,  0,  0,  0,  0,  0,  0,  0,  0,  0},
  '{  0,  0,  0,  0,  0,  0,  0,  0,  0,  0,  0,  0},
  '{  0,  0,  0,  0, 14, 14, 14, 14,  0,  0,  0,  0},
  '{  0,  0,  0, 14, 14, 14, 14, 14, 14,  0,  0,  0},
  '{  0,  0, 14, 14, 14, 14, 14, 14, 14, 14,  0,  0},
  '{  0,  0, 14, 14, 14, 14, 14, 14, 14, 14,  0,  0},
  '{  0,  0, 14, 14, 14, 14, 14, 14, 14, 14,  0,  0},
  '{  0,  0, 14, 14, 14, 14, 14, 14, 14, 14,  0,  0},
  '{  0,  0,  0, 14, 14, 14, 14, 14, 14,  0,  0,  0},
  '{  0,  0,  0,  0, 14, 14, 14, 14,  0,  0,  0,  0},
  '{  0,  0,  0,  0,  0,  0,  0,  0,  0,  0,  0,  0},
  '{  0,  0,  0,  0,  0,  0,  0,  0,  0,  0,  0,  0}};
Width:    12  Height:    12
