'{'{  0,  0,  0,  0,  0,  0,  0,  0,  0,  0,  0,  0,  0,  0,  0,  0,  0,  0,  0,  0,  0,  0,  0,  0,  0,  0,  0,  0,  0,  0,  0,  0,  0,  0,  0,  0,  0,  0,  0,  0,  0,  0,  0,  0,  0,  0,  0,  0,  0,  0,  0,  0,  0,  0,  0,  0,  0,  0,  0,  0,  0,  0},
  '{  0,  0,  0,  0,  0,  0,  0,  0,  0,  0,  0,  0,  0,  0,  0,  0,  0,  0,  0,  0,  0,  0,  0,  0,  0,  0,  0,  0,  0,  0,  0,  0,  0,  0,  0,  0,  0,  0,  0,  0,  0,  0,  0,  0,  0,  0,  0,  0,  0,  0,  0,  0,  0,  0,  0,  0,  0,  0,  0,  0,  0,  0},
  '{  0,  0,  0,  0,  0,  0,  0,  0,  0,  0,  0,  0,  0,  0,  0,  0,  0,  0,  0,  0,  0,  0,  0,  0,  0,  0,  0,  0,  0,  0,  0,  0,  0,  0,  0,  0,  0,  0,  0,  0,  0,  0,  0,  0,  0,  0,  0,  0,  0,  0,  0,  0,  0,  0,  0,  0,  0,  0,  0,  0,  0,  0},
  '{  0,  0,  0,  0,  0,  0,  0,  0,  0,  0,  0,  0,  0,  0,  0,  0,  0,  0,  0,  0,  0,  0,  0,  0,  0,  0,  0,  0,  0,  0,  0,  0,  0,  9,  9,  0,  0,  0,  0,  9,  9,  0,  0,  0,  0,  0,  0,  0,  0,  0,  0,  0,  0,  0,  0,  0,  0,  0,  0,  0,  0,  0},
  '{  0,  0, 12, 12,  0,  0,  0, 12, 12,  0,  0,  0,  0,  0,  0, 12, 12,  0,  0,  0,  2, 12, 10,  0,  0,  0,  0,  0,  0,  0,  0,  0, 12,  9,  9, 12,  0,  0, 12,  9,  9, 12,  0,  0,  0,  0,  0,  0,  0,  0,  0,  0,  0,  0,  0,  0,  0,  0,  0,  0,  0,  0},
  '{ 10, 12, 12, 12, 12,  0, 12, 12, 12, 12,  0,  0,  0,  0, 12, 12, 12, 12,  0,  2, 12, 12, 12, 10,  0,  0,  0,  0,  0,  0,  0,  0, 12, 12, 12, 12,  0,  0, 12, 12, 12, 12,  0,  0,  0,  0,  0,  0,  0,  2, 12, 10,  0,  0,  0, 10, 12,  2,  0,  0,  0,  0},
  '{ 10, 12, 12,  9,  9,  0, 12, 12,  9,  9,  0,  0,  0,  0,  9,  9, 12, 12,  0,  9,  9, 11, 12, 10,  0,  0,  0,  0,  0,  0,  0,  0, 12, 12, 12, 12,  0,  0, 12, 12, 12, 12,  0,  0,  0,  0,  0,  0,  2, 12, 12, 12, 10,  0, 10, 12, 12, 12,  2,  0,  0,  0},
  '{ 10, 12, 12,  9,  9,  0, 12, 12,  9,  9,  0,  0,  0,  0,  9,  9, 12, 12,  0,  9,  9, 11, 12, 10,  0,  0,  0,  0,  0,  0,  0,  0,  0, 12, 12,  0,  0,  0,  0, 12, 12,  0,  0,  0,  0,  0,  0,  0,  2, 12, 12, 12, 10,  0, 10, 12, 12, 12,  2,  0,  0,  0},
  '{  0, 10, 12,  2,  0,  0,  0, 12, 12,  0,  0,  0,  0,  0,  0,  2, 12, 10,  0,  0,  2, 12, 10,  0,  0,  0,  0,  0,  0,  0,  0,  0,  0,  0,  0,  0,  0,  0,  0,  0,  0,  0,  0,  0,  0,  0,  0,  0,  2, 11,  9, 11, 10,  0, 10, 11,  9, 11,  2,  0,  0,  0},
  '{  0,  0,  0,  0,  0,  0,  0,  0,  0,  0,  0,  0,  0,  0,  0,  0,  0,  0,  0,  0,  0,  0,  0,  0,  0,  0,  0,  0,  0,  0,  0,  0,  0,  0,  0,  0,  0,  0,  0,  0,  0,  0,  0,  0,  0,  0,  0,  0,  0,  9,  9,  9,  0,  0,  0,  9,  9,  9,  0,  0,  0,  0},
  '{  0,  0,  0,  0,  0,  0,  0,  0,  0,  0,  0,  0,  0,  0,  0,  0,  0,  0,  0,  0,  0,  0,  0,  0,  0,  0,  0,  0,  0,  0,  0,  0,  0,  0,  0,  0,  0,  0,  0,  0,  0,  0,  0,  0,  0,  0,  0,  0,  0,  0,  0,  0,  0,  0,  0,  0,  0,  0,  0,  0,  0,  0},
  '{  0,  0,  0,  0,  0,  0,  0,  0,  0,  0,  0,  0,  0,  0,  0,  0,  0,  0,  0,  0,  0,  0,  0,  0,  0,  0,  0,  0,  0,  0,  0,  0,  0,  0,  0,  0,  0,  0,  0,  0,  0,  0,  0,  0,  0,  0,  0,  0,  0,  0,  0,  0,  0,  0,  0,  0,  0,  0,  0,  0,  0,  0},
  '{  0,  0,  0,  0,  0,  0,  0,  0,  0,  0,  0,  0,  0,  0,  0,  0,  0,  0,  0,  0,  0,  0,  0,  0,  0,  0,  0,  0,  0,  0,  0,  0,  0,  0,  0,  0,  0,  0,  0,  0,  0,  0,  0,  0,  0,  0,  0,  0,  0,  0,  0,  0,  0,  0,  0,  0,  0,  0,  0,  0,  0,  0},
  '{  0,  0,  0,  0,  0,  0,  0,  0,  0,  0,  0,  0,  0,  0,  0,  0,  0,  0,  0,  0,  0,  0,  0,  0,  0,  0,  0,  0,  0,  0,  0,  0,  0,  0,  0,  0,  0,  0,  0,  0,  0,  0,  0,  0,  0,  0,  0,  0,  0,  0,  0,  0,  0,  0,  0,  0,  0,  0,  0,  0,  0,  0}};
Width:    62  Height:    14
