'{'{  0,  0,  0,  0,  0,  0,  0,  0,  0,  0,  0,  0,  0,  0},
  '{  0,  0,  4,  4,  4,  0,  0,  0,  0,  0,  0,  0,  0,  0},
  '{  0,  4,  4,  4,  4,  4,  0,  0,  0,  0,  0,  0,  0,  0},
  '{  0,  4,  4,  4, 12,  4,  0,  0,  0,  0, 12,  0,  0,  0},
  '{  0,  4,  4,  4, 12, 11, 11, 11, 11, 11, 12,  0,  0,  0},
  '{  0,  0,  4,  4, 12, 11, 11, 11, 11, 11, 12,  0,  0,  0},
  '{  0,  0,  0,  0, 12, 11, 11, 11, 11, 11, 12,  0,  0,  0},
  '{  0,  0,  0,  0, 12, 11, 11, 11, 12, 11, 12,  0,  0,  0},
  '{  0,  0,  0,  0, 12, 11, 11, 11, 12, 11, 12,  0,  0,  0},
  '{  0,  0,  0,  0, 12, 11, 11, 12, 11, 11, 12,  0,  0,  0},
  '{  0,  0,  0,  0, 12, 12, 11, 11, 11, 12, 12,  0,  0,  0},
  '{  0,  0,  0,  0,  0, 12, 12, 12, 12, 12,  0,  0,  0,  0},
  '{  0,  0,  0,  0,  0,  0,  0, 12,  0,  0,  0,  0,  0,  0},
  '{  0,  0,  0,  0,  0,  0,  0, 12,  0,  0,  0,  0,  0,  0},
  '{  0,  0,  0,  0,  0, 12, 12, 12, 12, 12,  0,  0,  0,  0},
  '{  0,  0,  0,  0,  0,  0,  0,  0,  0,  0,  0,  0,  0,  0}};
Width:    14  Height:    16
