'{'{  0,  0,  0,  0,  0,  0,  0,  0,  0,  0,  0,  0,  0,  0,  0,  0,  0,  0,  0,  0,  0,  0,  0,  0,  0,  0,  0,  0,  0,  0,  0,  0},
  '{  0,  0,  0,  0,  0,  4,  4,  4,  4,  4, 10,  0,  0,  0,  0,  0,  0,  0,  0,  0,  0,  0,  4,  4,  4,  4,  4,  0,  0,  0,  0,  0},
  '{  0,  0,  0,  4,  4,  4,  4,  4,  4,  4, 10,  0,  0,  0,  0,  0,  0,  0,  0,  0,  4,  4,  4,  4,  4,  4,  4,  4,  4,  0,  0,  0},
  '{  0,  0,  4,  4,  4,  4,  4,  4,  4, 10,  0,  0,  0,  0,  0,  0,  0,  0,  0,  4,  4,  4,  4,  4,  4,  4,  4,  4,  4,  4,  0,  0},
  '{  0,  0,  4,  4,  4,  4,  4,  4, 10,  0,  0,  0,  0,  0,  0,  0,  0,  0,  0,  4,  4,  4,  4,  4,  4,  4,  4,  4,  4,  4,  0,  0},
  '{  0,  4,  4,  4,  4,  4,  4, 10,  0,  0,  0,  0,  0,  0,  0,  0,  0,  0,  4,  4,  4,  4,  4,  4,  4,  4,  4,  4,  0,  0,  0,  0},
  '{  0,  4,  4,  4,  4,  4, 10,  0,  0,  0,  0,  0,  0,  0,  0,  0,  0, 10,  4,  4,  4,  4,  4,  4,  4,  4,  0,  0,  0,  0,  0,  0},
  '{  0,  4,  4,  4,  4, 10,  0,  0,  0,  0,  0,  0,  0,  0,  0,  0,  0, 10,  4,  4,  4,  4,  4,  4,  0,  0,  0,  0,  0,  0,  0,  0},
  '{  0,  4,  4,  4,  4,  4,  0,  0,  0,  0,  0,  0,  0,  0,  0,  0,  0, 10,  4,  4,  4,  4,  4,  4,  4, 10,  0,  0,  0,  0,  0,  0},
  '{  0,  4,  4,  4,  4,  4,  4,  0,  0,  0,  0,  0,  0,  0,  0,  0,  0, 10,  4,  4,  4,  4,  4,  4,  4,  4, 10, 10,  0,  0,  0,  0},
  '{  0,  0,  4,  4,  4,  4,  4,  4,  0,  0,  0,  0,  0,  0,  0,  0,  0,  0, 10,  4,  4,  4,  4,  4,  4,  4,  4,  4, 10, 10,  0,  0},
  '{  0,  0,  4,  4,  4,  4,  4,  4,  4,  0,  0,  0,  0,  0,  0,  0,  0,  0,  0,  4,  4,  4,  4,  4,  4,  4,  4,  4,  4,  4,  0,  0},
  '{  0,  0, 10,  4,  4,  4,  4,  4,  4,  4,  0,  0,  0,  0,  0,  0,  0,  0,  0, 10,  4,  4,  4,  4,  4,  4,  4,  4,  4, 10,  0,  0},
  '{  0,  0,  0, 10, 10,  4,  4,  4,  4,  4, 10,  0,  0,  0,  0,  0,  0,  0,  0,  0, 10, 10,  4,  4,  4,  4,  4, 10, 10,  0,  0,  0},
  '{  0,  0,  0,  0,  0, 10, 10, 10, 10, 10,  0,  0,  0,  0,  0,  0,  0,  0,  0,  0,  0,  0, 10, 10, 10, 10, 10,  0,  0,  0,  0,  0},
  '{  0,  0,  0,  0,  0,  0,  0,  0,  0,  0,  0,  0,  0,  0,  0,  0,  0,  0,  0,  0,  0,  0,  0,  0,  0,  0,  0,  0,  0,  0,  0,  0}};
Width:    32  Height:    16
