'{'{  0,  0,  0,  0,  0,  0,  0,  0,  0,  0,  0,  0,  0,  0,  0,  0,  0,  0,  0,  0},
  '{  0,  0,  0,  0,  0,  0,  0,  0,  0,  0,  0,  0,  0,  0,  0,  0,  0,  0,  0,  0},
  '{  0,  0,  0,  0,  0,  0,  0,  0,  0,  0,  0,  0,  0,  0,  0,  0,  0,  0,  0,  0},
  '{  0,  0,  0,  0,  0,  0,  0,  0,  0,  0,  0,  0,  0,  0,  0,  0,  0,  0,  0,  0},
  '{  0,  0,  0,  0,  0,  0,  0,  0,  0,  0,  0,  0,  0,  0,  0,  0,  0,  0,  0,  0},
  '{  0,  0,  0,  0,  0,  0,  0,  0,  4,  4,  4,  4, 10,  0,  0,  0,  0,  0,  0,  0},
  '{  0,  0,  0,  0,  0, 10, 10,  4,  4,  4,  4,  4,  8, 10,  0,  0,  0,  0,  0,  0},
  '{  0,  0,  0, 10, 10, 10, 10,  8,  4,  4,  4,  8, 10, 10, 10, 10,  0,  0,  0,  0},
  '{  0,  0, 10, 10, 10, 10, 10, 10, 10, 10, 10, 10, 10, 10, 10, 10, 10,  0,  0,  0},
  '{  0,  0, 14, 10, 10, 10, 10, 10, 10, 10, 10, 10, 10, 10, 10,  8, 10,  0,  0,  0},
  '{  0,  0, 14, 14, 14, 10, 10, 10, 10, 10, 10, 10, 10,  8, 14, 14, 10,  0,  0,  0},
  '{  0,  0, 10, 14, 14, 14, 14, 14, 14, 14, 14, 14, 14, 14, 14,  8, 10,  0,  0,  0},
  '{  0,  0, 14, 10, 10, 14, 14, 14, 14, 14, 14, 14, 14,  8, 10,  8, 10,  0,  0,  0},
  '{  0,  0, 14, 14, 14, 10, 10, 10, 10, 10, 10, 10, 10,  8, 14, 14, 10,  0,  0,  0},
  '{  0,  0,  0, 14, 14, 14, 14, 14, 14, 14, 14, 14, 14, 14, 14, 10,  0,  0,  0,  0},
  '{  0,  0,  0,  0,  0,  8, 14, 14, 14, 14, 14, 14, 14, 10,  0,  0,  0,  0,  0,  0},
  '{  0,  0,  0,  0,  0,  0,  0,  0,  0,  0,  0,  0,  0,  0,  0,  0,  0,  0,  0,  0},
  '{  0,  0,  0,  0,  0,  0,  0,  0,  0,  0,  0,  0,  0,  0,  0,  0,  0,  0,  0,  0},
  '{  0,  0,  0,  0,  0,  0,  0,  0,  0,  0,  0,  0,  0,  0,  0,  0,  0,  0,  0,  0},
  '{  0,  0,  0,  0,  0,  0,  0,  0,  0,  0,  0, 13,  0,  0,  0,  0,  0,  0,  0,  0}};
Width:    20  Height:    20
