'{'{  0,  0,  0,  0,  0,  0,  0,  0,  0,  0,  0,  0,  0,  0,  0,  0,  0,  0,  0,  0,  0,  0,  0,  0,  0,  0,  0,  0,  0,  0,  0,  0,  0,  0,  0,  0,  0,  0,  0,  0,  0,  0,  0,  0,  0,  0,  0,  0,  0,  0,  0,  0,  0,  0,  0,  0,  0,  0,  0,  0,  0,  0,  0,  0,  0,  0,  0,  0,  0,  0,  0,  0,  0,  0,  0,  0,  0,  0,  0,  0,  0,  0,  0,  0,  0,  0,  0,  0,  0,  0,  0,  0,  0,  0,  0,  0,  0,  0,  0,  0,  0,  0,  0,  0,  0,  0,  0,  0,  0,  0,  0,  0,  0,  0,  0,  0,  0,  0,  0,  0,  0,  0,  0,  0,  0,  0,  0,  0,  0,  0,  0,  0,  0},
  '{  0,  0,  0,  0,  0,  0,  6,  6,  6,  6, 10,  0,  0,  0,  0,  0,  0,  0,  0,  0,  0,  0, 10,  6,  6,  6,  6,  0,  0,  0,  0,  0,  0,  0,  0,  0,  0,  0,  0, 11,  6,  6,  6, 10,  0,  0,  0,  0,  0,  0,  0,  0,  0,  0,  0,  0,  6,  6,  6,  6,  0,  0,  0,  0,  0,  0,  0,  0,  0,  0,  0,  0, 10,  6,  6,  6, 10,  0,  0,  0,  0,  0,  0,  0,  0,  0,  0,  0,  0,  6,  6,  6,  6, 10,  0,  0,  0,  0,  0,  0,  0,  0,  0,  0,  0, 10,  6,  6,  6, 11,  0,  0,  0,  0,  0,  0,  0,  0,  0,  0,  0,  0,  6,  6,  6,  6, 10,  0,  0,  0,  0,  0,  0},
  '{  0,  0,  0,  0,  6,  6,  6,  6,  6,  6,  6,  6, 10,  0,  0,  0,  0,  0,  0,  0, 10,  6,  6,  6,  6,  6,  6,  6,  6,  0,  0,  0,  0,  0,  0,  0,  0, 11,  6,  6,  6,  6,  6,  6,  6, 10,  0,  0,  0,  0,  0,  0,  0,  0,  6,  6,  6,  6,  6,  6,  6,  6,  0,  0,  0,  0,  0,  0,  0,  0, 10,  6,  6,  6,  6,  6,  6,  6, 11,  0,  0,  0,  0,  0,  0,  0,  0,  6,  6,  6,  6,  6,  6,  6,  6, 10,  0,  0,  0,  0,  0,  0,  0, 10,  6,  6,  6,  6,  6,  6,  6,  6,  0,  0,  0,  0,  0,  0,  0,  0,  6,  6,  6,  6,  6,  6,  6,  6, 10,  0,  0,  0,  0},
  '{  0,  0,  0,  6,  6,  6,  6,  6,  6,  6,  6,  6,  6, 10,  0,  0,  0,  0,  0, 10,  6,  6,  6,  6,  6,  6,  6,  6,  6,  6,  0,  0,  0,  0,  0,  0, 11,  6,  6,  6,  6,  6,  6,  6,  6,  6, 10,  0,  0,  0,  0,  0,  0,  6,  6,  6,  6,  6,  6,  6,  6,  6,  6,  0,  0,  0,  0,  0,  0, 10, 11,  9, 11,  6,  6,  6, 11,  9,  9, 11,  0,  0,  0,  0,  0,  0,  6,  9,  9,  6,  6,  6,  6,  9,  9,  6, 10,  0,  0,  0,  0,  0, 10,  6,  6,  6,  6,  6,  6,  6,  6,  6,  6,  0,  0,  0,  0,  0,  0,  6,  6,  6,  6,  6,  6,  6,  6,  6,  6, 10,  0,  0,  0},
  '{  0,  0,  6,  6,  6,  6, 12, 12,  3,  6,  6, 12, 12,  3, 10,  0,  0,  0, 10,  6,  6,  6,  3, 12, 12,  6,  6,  6, 12, 12,  3,  0,  0,  0,  0, 11, 12, 12,  3,  6,  6, 12, 12,  3,  6,  6,  6, 10,  0,  0,  0,  0,  3, 12, 12,  6,  6,  6, 12, 12,  3,  6,  6,  6,  0,  0,  0,  0, 10, 12, 11,  9, 11,  3,  6,  3, 11,  9,  9, 12, 11,  0,  0,  0,  0,  6, 12,  9,  9, 12,  3,  6, 12,  9,  9, 12,  3, 10,  0,  0,  0, 10,  6,  6,  6,  6,  6,  6,  6,  6,  6,  6,  6,  6,  0,  0,  0,  0,  6,  6,  6,  6,  6,  6,  6,  6,  6,  6,  6,  6, 10,  0,  0},
  '{  0,  0,  6,  6,  6, 12, 12, 12, 12,  3, 12, 12, 12, 12,  2,  0,  0,  0, 10,  6,  6,  3, 12, 12, 12, 12,  6, 12, 12, 12, 12,  0,  0,  0,  0,  2, 12, 12, 12,  3, 12, 12, 12, 12, 12,  6,  6, 10,  0,  0,  0,  0, 12, 12, 12, 12,  6, 12, 12, 12, 12,  3,  6,  6,  0,  0,  0,  0, 10, 12, 12, 12, 12,  3,  6,  3, 12, 12, 12, 12, 11,  0,  0,  0,  0,  6, 12, 12, 12, 12,  3,  6, 12, 12, 12, 12,  3, 10,  0,  0,  0, 10,  6,  3, 12, 12,  6,  6,  6,  3, 12, 12,  6,  6,  0,  0,  0,  0,  6,  6, 12, 12,  3,  6,  6,  6, 12, 12,  3,  6, 10,  0,  0},
  '{  0,  0,  6,  6,  6, 12, 12,  9,  9, 11, 12, 12, 11,  9,  9,  0,  0,  0, 10,  6,  6,  3, 12, 12,  9,  9,  3, 12, 12,  9,  9,  0,  0,  0,  0,  9,  9, 12, 12,  3, 11,  9, 11, 12, 12,  6,  6, 10,  0,  0,  0,  0,  9,  9, 12, 12,  6,  9,  9, 12, 12,  3,  6,  6,  0,  0,  0,  0, 10, 12, 12, 12, 12,  3,  6,  3, 12, 12, 12, 12, 11,  0,  0,  0,  0,  6, 12, 12, 12, 12,  3,  6, 12, 12, 12, 12,  3, 10,  0,  0,  0, 10,  3, 12, 12, 12, 12,  6,  3, 12, 12, 12, 12,  6,  0,  0,  0,  0,  6, 12, 12, 12, 12,  3,  6, 12, 12, 12, 12,  3, 10,  0,  0},
  '{  0,  6,  6,  6,  6, 12, 12,  9,  9, 11, 12, 12, 11,  9, 11, 10,  0, 10,  6,  6,  6,  3, 12, 12,  9,  9,  3, 12, 12,  9,  9,  6,  0,  0, 11,  9,  9, 12, 12,  3, 11,  9, 11, 12, 12,  6,  6,  6, 10,  0,  0, 11,  9,  9, 12, 12,  6,  9,  9, 12, 12,  3,  6,  6,  6,  0,  0, 10,  6,  6, 12, 12,  3,  6,  6,  6,  3, 12, 12,  6,  6, 11,  0,  0,  6,  6,  3, 12, 12,  3,  6,  6,  6, 12, 12,  3,  6,  6, 10,  0, 10,  6,  3, 12, 12, 12, 12,  6,  3, 12, 12, 12, 12,  6,  6,  0,  0,  6,  6, 12, 12, 12, 12,  3,  6, 12, 12, 12, 12,  3,  6, 10,  0},
  '{  0,  6,  6,  6,  6,  3, 12, 12,  6,  6,  6, 12, 12,  6,  6, 10,  0, 10,  6,  6,  6,  6,  3, 12, 12,  6,  6,  3, 12, 12,  6,  6,  0,  0,  6,  6, 12, 12,  3,  6,  6,  6, 12, 12,  6,  6,  6,  6, 10,  0,  0,  6,  6, 12, 12,  3,  6,  6, 12, 12,  3,  6,  6,  6,  6,  0,  0, 11,  6,  6,  6,  3,  6,  6,  6,  6,  6,  3,  6,  6,  6,  6,  0,  0,  6,  6,  6,  3,  3,  6,  6,  6,  6,  3,  3,  6,  6,  6, 10,  0, 10,  6,  3, 11,  9, 11, 12,  6,  3, 12,  9,  9, 12,  6,  6,  0,  0,  6,  6, 12,  9,  9, 12,  3,  6, 12, 11,  9, 11,  3,  6, 10,  0},
  '{  0,  6,  6,  6,  6,  6,  3,  3,  6,  6,  6,  3,  3,  6,  6, 10,  0, 10,  6,  6,  6,  6,  6,  3,  3,  6,  6,  6,  3,  3,  6,  6,  0,  0,  6,  6,  3,  3,  6,  6,  6,  3,  3,  6,  6,  6,  6,  6, 10,  0,  0,  6,  6,  3,  3,  6,  6,  6,  3,  3,  6,  6,  6,  6,  6,  0,  0, 11,  6,  6,  6,  6,  6,  6,  6,  6,  6,  6,  6,  6,  6,  6,  0,  0,  6,  6,  6,  6,  6,  6,  6,  6,  6,  6,  6,  6,  6,  6, 10,  0, 10,  6,  6, 11,  9, 11,  3,  6,  6,  6,  9,  9,  3,  6,  6,  0,  0,  6,  6,  3,  9,  9,  6,  6,  6,  3,  9,  9, 11,  6,  6, 10,  0},
  '{  0,  6,  6,  6,  6,  6,  6,  6,  6,  6,  6,  6,  6,  6,  6, 10,  0, 10,  6,  6,  6,  6,  6,  6,  6,  6,  6,  6,  6,  6,  6,  6,  0,  0,  6,  6,  6,  6,  6,  6,  6,  6,  6,  6,  6,  6,  6,  6, 10,  0,  0,  6,  6,  6,  6,  6,  6,  6,  6,  6,  6,  6,  6,  6,  6,  0,  0, 11,  6,  6,  6,  6,  6,  6,  6,  6,  6,  6,  6,  6,  6,  6,  0,  0,  6,  6,  6,  6,  6,  6,  6,  6,  6,  6,  6,  6,  6,  6, 10,  0, 10,  6,  6,  6,  6,  6,  6,  6,  6,  6,  6,  6,  6,  6,  6,  0,  0,  6,  6,  6,  6,  6,  6,  6,  6,  6,  6,  6,  6,  6,  6, 10,  0},
  '{  0,  6,  6,  6,  6,  6,  6,  6,  6,  6,  6,  6,  6,  6,  6, 10,  0, 10,  6,  6,  6,  6,  6,  6,  6,  6,  6,  6,  6,  6,  6,  6,  0,  0,  6,  6,  6,  6,  6,  6,  6,  6,  6,  6,  6,  6,  6,  6, 10,  0,  0,  6,  6,  6,  6,  6,  6,  6,  6,  6,  6,  6,  6,  6,  6,  0,  0, 11,  6,  6,  6,  6,  6,  6,  6,  6,  6,  6,  6,  6,  6,  6,  0,  0,  6,  6,  6,  6,  6,  6,  6,  6,  6,  6,  6,  6,  6,  6, 10,  0, 10,  6,  6,  6,  6,  6,  6,  6,  6,  6,  6,  6,  6,  6,  6,  0,  0,  6,  6,  6,  6,  6,  6,  6,  6,  6,  6,  6,  6,  6,  6, 10,  0},
  '{  0,  6,  6,  6,  6,  6,  6,  6,  6,  6,  6,  6,  6,  6,  6, 10,  0, 10,  6,  6,  6,  6,  6,  6,  6,  6,  6,  6,  6,  6,  6,  6,  0,  0,  6,  6,  6,  6,  6,  6,  6,  6,  6,  6,  6,  6,  6,  6, 10,  0,  0,  6,  6,  6,  6,  6,  6,  6,  6,  6,  6,  6,  6,  6,  6,  0,  0, 11,  6,  6,  6,  6,  6,  6,  6,  6,  6,  6,  6,  6,  6,  6,  0,  0,  6,  6,  6,  6,  6,  6,  6,  6,  6,  6,  6,  6,  6,  6, 10,  0, 10,  6,  6,  6,  6,  6,  6,  6,  6,  6,  6,  6,  6,  6,  6,  0,  0,  6,  6,  6,  6,  6,  6,  6,  6,  6,  6,  6,  6,  6,  6, 10,  0},
  '{  0,  6,  6, 10,  6,  6,  6, 10,  0, 11,  6,  6, 10, 10,  6, 10,  0, 10,  6,  6,  6,  6, 10,  6,  6,  6,  6, 10,  6,  6,  6,  6,  0,  0,  6,  6, 10,  6,  6,  6, 10,  0, 10,  6,  6, 11, 10,  6, 10,  0,  0,  6,  6,  6,  6, 10,  6,  6,  6,  6, 10,  6,  6,  6,  6,  0,  0, 11,  6, 10, 11,  6,  6, 10,  0, 10,  6,  6, 11, 10,  6,  6,  0,  0,  6,  6,  6,  6,  0,  6,  6,  6,  6, 10,  6,  6,  6,  6, 10,  0, 10,  6, 10, 10,  6,  6, 11,  0, 10,  6,  6,  6, 10,  6,  6,  0,  0,  6,  6,  6,  6, 10,  6,  6,  6,  6, 10, 11,  6,  6,  6, 10,  0},
  '{  0,  6, 10,  0,  0,  6,  6,  0,  0, 10,  6, 10,  0,  0, 10, 10,  0,  0, 10,  6,  6,  0,  0, 10,  6,  6,  0,  0, 10,  6,  6, 10,  0,  0,  6, 10,  0,  0, 11,  6, 10,  0, 10,  6, 10,  0,  0, 10, 10,  0,  0, 10,  6,  6,  0,  0, 10,  6,  6, 10,  0,  0,  6,  6, 10,  0,  0, 11, 10,  0,  0, 11,  6, 10,  0, 10,  6, 11,  0,  0, 10,  6,  0,  0, 10,  6,  6, 10,  0,  0,  6,  6, 10,  0,  0,  6,  6, 10,  0,  0, 10, 10,  0,  0, 10,  6, 10,  0,  0,  6,  6,  0,  0, 10,  6,  0,  0, 10,  6,  6, 10,  0,  0,  6,  6, 10,  0,  0, 11,  6, 10,  0,  0},
  '{  0, 10,  0,  0,  0,  0, 10,  0,  0,  0, 10,  0,  0,  0,  0,  0,  0,  0,  0, 10,  0,  0,  0,  0, 10, 10,  0,  0,  0, 10, 10,  0,  0,  0,  0,  0,  0,  0,  0, 10,  0,  0,  0, 10,  0,  0,  0,  0,  0,  0,  0,  0, 10,  0,  0,  0,  0, 10, 10,  0,  0,  0,  0, 10,  0,  0,  0,  0,  0,  0,  0,  0, 10,  0,  0,  0, 10,  0,  0,  0,  0,  0,  0,  0,  0, 10, 10,  0,  0,  0, 10, 10,  0,  0,  0,  0, 10,  0,  0,  0,  0,  0,  0,  0,  0, 10,  0,  0,  0, 10,  0,  0,  0,  0, 10,  0,  0,  0, 10, 10,  0,  0,  0,  0, 10,  0,  0,  0,  0, 10,  0,  0,  0}};
Width:   133  Height:    16
