'{'{  0,  0,  0,  0,  0,  0,  0,  0,  0,  0,  0,  0,  0,  0,  0,  0,  0,  0,  0,  0,  0,  0,  0,  0,  0,  0,  0,  0,  0,  0,  0,  0,  0,  0,  0,  0,  0,  0,  0,  0,  0,  0,  0,  0,  0,  0,  0,  0,  0,  0,  0,  0,  0,  0,  0,  0,  0,  0,  0,  0,  0,  0,  0,  0,  0,  0,  0,  0,  0,  0,  0,  0,  0,  0,  0,  0,  0,  0,  0,  0,  0,  0,  0,  0,  0,  0,  0,  0,  0,  0,  0,  0,  0,  0,  0,  0,  0,  0,  0,  0,  0,  0,  0,  0,  0,  0,  0,  0,  0,  0,  0,  0,  0,  0,  0,  0,  0,  0,  0,  0,  0,  0,  0,  0,  0,  0,  0,  0,  0,  0,  0,  0,  0},
  '{  0,  0,  0,  0,  0,  0,  5,  5,  5,  5,  0,  0,  0,  0,  0,  0,  0,  0,  0,  0,  0,  0,  0,  5,  5,  5,  5,  0,  0,  0,  0,  0,  0,  0,  0,  0,  0,  0,  0,  0,  5,  5,  0,  0,  0,  0,  0,  0,  0,  0,  0,  0,  0,  0,  0,  0,  5,  5,  5,  5,  0,  0,  0,  0,  0,  0,  0,  0,  0,  0,  0,  0,  0,  5,  5,  5,  0,  0,  0,  0,  0,  0,  0,  0,  0,  0,  0,  0,  0,  5,  5,  5,  5,  0,  0,  0,  0,  0,  0,  0,  0,  0,  0,  0,  0,  0,  5,  5,  5,  5,  0,  0,  0,  0,  0,  0,  0,  0,  0,  0,  0,  0,  5,  5,  5,  5,  0,  0,  0,  0,  0,  0,  0},
  '{  0,  0,  0,  0,  5,  5,  5,  5,  5,  5,  5,  5,  0,  0,  0,  0,  0,  0,  0,  0,  0,  5,  5,  5,  5,  5,  5,  5,  5,  0,  0,  0,  0,  0,  0,  0,  0,  0,  5,  5,  5,  5,  5,  5,  5,  0,  0,  0,  0,  0,  0,  0,  0,  0,  5,  5,  5,  5,  5,  5,  5,  5,  0,  0,  0,  0,  0,  0,  0,  0,  0,  5,  5,  5,  5,  5,  5,  5,  0,  0,  0,  0,  0,  0,  0,  0,  0,  5,  5,  5,  5,  5,  5,  5,  5,  0,  0,  0,  0,  0,  0,  0,  0,  0,  5,  5,  5,  5,  5,  5,  5,  5,  0,  0,  0,  0,  0,  0,  0,  0,  5,  5,  5,  5,  5,  5,  5,  5,  0,  0,  0,  0,  0},
  '{  0,  0,  0,  5,  5,  5,  5,  5,  5,  5,  5,  5,  5,  0,  0,  0,  0,  0,  0,  0,  5,  5,  5,  5,  5,  5,  5,  5,  5,  5,  0,  0,  0,  0,  0,  0,  0,  5,  5,  5,  5,  5,  5,  5,  5,  5,  0,  0,  0,  0,  0,  0,  0,  5,  5,  5,  5,  5,  5,  5,  5,  5,  5,  0,  0,  0,  0,  0,  0,  0, 10,  9, 10,  5,  5,  5,  5,  9, 10,  0,  0,  0,  0,  0,  0,  0,  5,  9,  9,  5,  5,  5,  5, 10,  9, 10,  0,  0,  0,  0,  0,  0,  0,  5,  5,  5,  5,  5,  5,  5,  5,  5,  5,  0,  0,  0,  0,  0,  0,  5,  5,  5,  5,  5,  5,  5,  5,  5,  5,  0,  0,  0,  0},
  '{  0,  0,  5,  5,  5,  5, 10,  8,  5,  5,  5, 10,  8, 10,  0,  0,  0,  0,  0,  5,  5,  5,  5,  8, 10,  5,  5,  5,  8,  8,  5,  0,  0,  0,  0,  0, 10,  8,  5,  5,  5, 10,  8, 10,  5,  5,  5,  0,  0,  0,  0,  0,  5,  8, 10,  5,  5,  5,  8,  8,  5,  5,  5,  5,  0,  0,  0,  0,  0, 10, 11,  9, 11, 10,  5, 10, 11,  9,  9, 10,  0,  0,  0,  0,  0,  5, 10,  9,  9, 10,  5,  5, 10,  9,  9, 11, 10,  0,  0,  0,  0,  0,  5,  5,  5,  5,  5,  5,  5,  5,  5,  5,  5,  5,  0,  0,  0,  0,  5,  5,  5,  5,  5,  5,  5,  5,  5,  5,  5,  5,  0,  0,  0},
  '{  0,  0,  5,  5,  5, 10, 12, 12,  6,  5, 10,  6, 12,  6, 10,  0,  0,  0,  0,  5,  5,  5,  6, 12, 12, 10,  5,  8, 12, 12,  8,  0,  0,  0,  0, 10, 12, 12,  6,  5, 10,  6, 12,  6, 10,  5,  5,  5,  0,  0,  0,  0,  8, 12, 12, 10,  5,  8, 12, 12,  8,  5,  5,  5,  0,  0,  0,  0,  5,  8, 12, 11, 12, 10,  5, 10, 12, 11, 12,  6,  5,  0,  0,  0,  0,  5, 12, 11, 11, 12,  5,  5,  6, 11, 11, 12, 10,  0,  0,  0,  0,  5,  5, 10,  8, 10,  5,  5,  5,  5,  8, 10,  5,  5,  0,  0,  0,  0,  5,  5, 10,  8,  5,  5,  5,  5, 10,  8,  5,  5,  0,  0,  0},
  '{  0,  0,  5,  5,  5,  6, 12, 11, 11, 10,  8, 12, 12, 11,  9,  0,  0,  0,  0,  5,  5, 10, 12, 12, 11, 11,  5, 12, 12, 11, 11,  0,  0,  0,  0,  2, 11, 12, 12, 10, 10, 11, 12, 12, 10,  5,  5,  5,  0,  0,  0,  0, 11, 11, 12, 12,  5, 11, 11, 12, 12,  5,  5,  5,  0,  0,  0,  0,  5,  8, 12, 12, 12, 10,  5, 10, 12, 12, 12,  6,  5,  0,  0,  0,  0,  5, 12, 12, 12, 12,  5,  5,  6, 12, 12, 12, 10,  0,  0,  0,  0,  5, 10,  6, 12,  6, 10,  5,  5,  8, 12, 12, 10,  5,  0,  0,  0,  0,  5, 10, 12, 12,  8,  5,  5, 10,  6, 12,  6,  5,  0,  0,  0},
  '{  0,  0,  5,  5,  5,  6, 12,  9,  9, 10,  8, 12, 11,  9,  9,  0,  0,  0,  5,  5,  5, 10, 12, 12,  9,  9,  5, 12, 12,  9,  9,  0,  0,  0,  0,  9,  9, 12, 12, 10, 10,  9, 11, 12, 10,  5,  5,  5,  0,  0,  0,  0,  9,  9, 12, 12,  5,  9,  9, 12, 12,  5,  5,  5,  5,  0,  0,  0,  5, 10,  6, 12,  6, 10,  5,  5,  6, 12,  6, 10,  5,  0,  0,  0,  5,  5, 10, 12, 12, 10,  5,  5, 10, 12, 12,  8,  5,  5,  0,  0,  0,  5, 10, 12, 12, 12,  8,  5, 10, 12, 12, 12,  6,  5,  0,  0,  0,  0,  5, 12, 12, 12, 12,  5,  5,  6, 12, 12, 12, 10,  5,  0,  0},
  '{  0,  5,  5,  5,  5, 10, 12, 11, 11,  5, 10,  6, 12, 11,  5,  5,  0,  0,  5,  5,  5,  5,  8, 12, 11, 10,  5, 10, 12, 11, 10,  5,  0,  0,  5, 10, 11, 12,  6,  5, 10, 11, 12,  6, 10,  5,  5,  5,  5,  0,  0,  5, 10, 11, 12, 10,  5, 10, 11, 12, 10,  5,  5,  5,  5,  0,  0,  5,  5,  5, 10, 10, 10,  5,  5,  5,  5, 10, 10,  5,  5,  5,  0,  0,  5,  5,  5, 10, 10,  5,  5,  5,  5, 10, 10,  5,  5,  5,  0,  0,  5,  5, 10, 12, 11, 12,  8,  5, 10, 12, 11, 11,  6,  5,  5,  0,  0,  5,  5, 12, 11, 11, 12,  5,  5,  6, 12, 11, 12, 10,  5,  0,  0},
  '{  0,  5,  5,  5,  5,  5, 10, 10,  5,  5,  5, 10, 10, 10,  5,  5,  0,  0,  5,  5,  5,  5,  5, 10, 10,  5,  5,  5, 10, 10,  5,  5,  0,  0,  5,  5, 10, 10,  5,  5,  5, 10, 10, 10,  5,  5,  5,  5,  5,  0,  0,  5,  5, 10, 10,  5,  5,  5, 10, 10,  5,  5,  5,  5,  5,  0,  0,  5,  5,  5,  5,  5,  5,  5,  5,  5,  5,  5,  5,  5,  5,  5,  0,  0,  5,  5,  5,  5,  5,  5,  5,  5,  5,  5,  5,  5,  5,  5,  0,  0,  5,  5, 10, 11,  9, 11, 10,  5,  5, 11,  9,  9, 10,  5,  5,  0,  0,  5,  5, 10,  9,  9, 10,  5,  5, 10,  9,  9, 11,  5,  5,  0,  0},
  '{  0,  5,  5,  5,  5,  5,  5,  5,  5,  5,  5,  5,  5,  5,  5,  5,  0,  0,  5,  5,  5,  5,  5,  5,  5,  5,  5,  5,  5,  5,  5,  5,  0,  0,  5,  5,  5,  5,  5,  5,  5,  5,  5,  5,  5,  5,  5,  5,  5,  0,  0,  5,  5,  5,  5,  5,  5,  5,  5,  5,  5,  5,  5,  5,  5,  0,  0,  5,  5,  5,  5,  5,  5,  5,  5,  5,  5,  5,  5,  5,  5,  5,  0,  0,  5,  5,  5,  5,  5,  5,  5,  5,  5,  5,  5,  5,  5,  5,  0,  0,  5,  5,  5,  5, 10, 10,  5,  5,  5,  5, 10, 10,  5,  5,  5,  0,  0,  5,  5,  5, 10, 10,  5,  5,  5,  5, 10, 10,  5,  5,  5,  0,  0},
  '{  0,  5,  5,  5,  5,  5,  5,  5,  5,  5,  5,  5,  5,  5,  5,  5,  0,  0,  5,  5,  5,  5,  5,  5,  5,  5,  5,  5,  5,  5,  5,  5,  0,  0,  5,  5,  5,  5,  5,  5,  5,  5,  5,  5,  5,  5,  5,  5,  5,  0,  0,  5,  5,  5,  5,  5,  5,  5,  5,  5,  5,  5,  5,  5,  5,  0,  0,  5,  5,  5,  5,  5,  5,  5,  5,  5,  5,  5,  5,  5,  5,  5,  0,  0,  5,  5,  5,  5,  5,  5,  5,  5,  5,  5,  5,  5,  5,  5,  0,  0,  5,  5,  5,  5,  5,  5,  5,  5,  5,  5,  5,  5,  5,  5,  5,  0,  0,  5,  5,  5,  5,  5,  5,  5,  5,  5,  5,  5,  5,  5,  5,  0,  0},
  '{  0,  5,  5,  5,  5,  5,  5,  5,  5,  5,  5,  5,  5,  5,  5,  5,  0,  0,  5,  5,  5,  5,  5,  5,  5,  5,  5,  5,  5,  5,  5,  5,  0,  0,  5,  5,  5,  5,  5,  5,  5,  5,  5,  5,  5,  5,  5,  5,  5,  0,  0,  5,  5,  5,  5,  5,  5,  5,  5,  5,  5,  5,  5,  5,  5,  0,  0,  5,  5,  5,  5,  5,  5,  5,  5,  5,  5,  5,  5,  5,  5,  5,  0,  0,  5,  5,  5,  5,  5,  5,  5,  5,  5,  5,  5,  5,  5,  5,  0,  0,  5,  5,  5,  5,  5,  5,  5,  5,  5,  5,  5,  5,  5,  5,  5,  0,  0,  5,  5,  5,  5,  5,  5,  5,  5,  5,  5,  5,  5,  5,  5,  0,  0},
  '{  0,  5,  5,  5,  5,  5,  5,  5,  5,  5,  5,  5,  5,  5,  5,  5,  0,  0,  5,  5,  5,  5,  5,  5,  5,  5,  5,  5,  5,  5,  5,  5,  0,  0,  5,  5,  5,  5,  5,  5,  5,  5,  5,  5,  5,  5,  5,  5,  5,  0,  0,  5,  5,  5,  5,  5,  5,  5,  5,  5,  5,  5,  5,  5,  5,  0,  0,  5,  5,  5,  5,  5,  5,  5,  5,  5,  5,  5,  5,  5,  5,  5,  0,  0,  5,  5,  5,  5,  5,  5,  5,  5,  5,  5,  5,  5,  5,  5,  0,  0,  5,  5,  5,  5,  5,  5,  5,  5,  5,  5,  5,  5,  5,  5,  5,  0,  0,  5,  5,  5,  5,  5,  5,  5,  5,  5,  5,  5,  5,  5,  5,  0,  0},
  '{  0,  5,  5,  0,  5,  5,  5,  0,  0,  5,  5,  5,  0,  0,  5,  5,  0,  0,  5,  5,  5,  5,  0,  5,  5,  5,  5,  0,  5,  5,  5,  5,  0,  0,  5,  5,  0,  5,  5,  5,  0,  0,  5,  5,  5,  0,  0,  5,  5,  0,  0,  5,  5,  5,  5,  0,  5,  5,  5,  5,  0,  5,  5,  5,  5,  0,  0,  5,  5,  0,  0,  5,  5,  5,  0,  0,  5,  5,  5,  0,  5,  5,  0,  0,  5,  5,  5,  5,  0,  5,  5,  5,  5,  0,  5,  5,  5,  5,  0,  0,  5,  5,  0,  0,  5,  5,  5,  0,  0,  5,  5,  5,  0,  5,  5,  0,  0,  5,  5,  5,  5,  0,  5,  5,  5,  5,  0,  0,  5,  5,  5,  0,  0},
  '{  0,  5,  0,  0,  0,  5,  5,  0,  0,  5,  5,  0,  0,  0,  0,  0,  0,  0,  0,  5,  5,  0,  0,  0,  5,  5,  0,  0,  0,  5,  5,  0,  0,  0,  5,  0,  0,  0,  5,  5,  0,  0,  0,  5,  0,  0,  0,  0,  5,  0,  0,  0,  5,  5,  0,  0,  0,  5,  5,  0,  0,  0,  5,  5,  0,  0,  0,  5,  0,  0,  0,  0,  5,  0,  0,  0,  5,  0,  0,  0,  0,  5,  0,  0,  0,  5,  5,  0,  0,  0,  5,  5,  0,  0,  0,  5,  5,  0,  0,  0,  0,  0,  0,  0,  0,  5,  0,  0,  0,  5,  5,  0,  0,  0,  5,  0,  0,  0,  5,  5,  0,  0,  0,  5,  5,  0,  0,  0,  0,  5,  0,  0,  0},
  '{  0,  0,  0,  0,  0,  0,  0,  0,  0,  0,  0,  0,  0,  0,  0,  0,  0,  0,  0,  0,  0,  0,  0,  0,  0,  0,  0,  0,  0,  0,  0,  0,  0,  0,  0,  0,  0,  0,  0,  0,  0,  0,  0,  0,  0,  0,  0,  0,  0,  0,  0,  0,  0,  0,  0,  0,  0,  0,  0,  0,  0,  0,  0,  0,  0,  0,  0,  0,  0,  0,  0,  0,  0,  0,  0,  0,  0,  0,  0,  0,  0,  0,  0,  0,  0,  0,  0,  0,  0,  0,  0,  0,  0,  0,  0,  0,  0,  0,  0,  0,  0,  0,  0,  0,  0,  0,  0,  0,  0,  0,  0,  0,  0,  0,  0,  0,  0,  0,  0,  0,  0,  0,  0,  0,  0,  0,  0,  0,  0,  0,  0,  0,  0}};
Width:   133  Height:    17
