'{'{  0,  0,  0,  0,  0,  0,  0,  0,  0,  0,  0,  0,  0,  0,  0,  0,  0,  0,  0,  0,  0,  0,  0,  0,  0,  0,  0,  0,  0,  0,  0,  0,  0,  0,  0,  0,  0,  0,  0,  0,  0,  0,  0,  0,  0,  0,  0,  0,  0,  0,  0,  0,  0,  0,  0,  0,  0,  0,  0,  0,  0,  0,  0,  0,  0,  0,  0,  0,  0,  0,  0,  0,  0,  0,  0,  0,  0,  0,  0,  0,  0,  0,  0,  0,  0,  0,  0,  0,  0,  0,  0,  0,  0,  0,  0,  0,  0,  0,  0,  0,  0,  0,  0,  0,  0,  0,  0,  0,  0,  0,  0,  0,  0,  0,  0,  0,  0,  0,  0,  0,  0,  0,  0,  0,  0,  0,  0,  0,  0,  0,  0,  0,  0},
  '{  0,  0,  0,  0,  0,  0, 10,  8,  8,  8, 10,  0,  0,  0,  0,  0,  0,  0,  0,  0,  0,  0,  0,  8,  8,  8,  8,  0,  0,  0,  0,  0,  0,  0,  0,  0,  0,  0,  0, 10,  8,  8,  8, 10,  0,  0,  0,  0,  0,  0,  0,  0,  0,  0,  0,  0,  8,  8,  8,  8,  0,  0,  0,  0,  0,  0,  0,  0,  0,  0,  0,  0, 10,  8,  8,  8, 10,  0,  0,  0,  0,  0,  0,  0,  0,  0,  0,  0,  0,  8,  8,  8,  8,  0,  0,  0,  0,  0,  0,  0,  0,  0,  0,  0,  0, 10,  8,  8,  8, 10,  0,  0,  0,  0,  0,  0,  0,  0,  0,  0,  0,  0, 10,  8,  8,  8,  0,  0,  0,  0,  0,  0,  0},
  '{  0,  0,  0,  0, 10,  8,  8,  8,  8,  8,  8,  8, 10,  0,  0,  0,  0,  0,  0,  0,  0,  8,  8,  8,  8,  8,  8,  8,  8,  0,  0,  0,  0,  0,  0,  0,  0, 10,  8,  8,  8,  8,  8,  8,  8, 10,  0,  0,  0,  0,  0,  0,  0,  0,  8,  8,  8,  8,  8,  8,  8,  8,  0,  0,  0,  0,  0,  0,  0,  0, 10,  8,  8,  8,  8,  8,  8,  8, 10,  0,  0,  0,  0,  0,  0,  0,  0,  8,  8,  8,  8,  8,  8,  8,  8,  0,  0,  0,  0,  0,  0,  0,  0, 10,  8,  8,  8,  8,  8,  8,  8, 10,  0,  0,  0,  0,  0,  0,  0,  0,  8,  8,  8,  8,  8,  8,  8,  8, 10,  0,  0,  0,  0},
  '{  0,  0,  0, 10,  8,  8,  8,  8,  8,  8,  8,  8,  8, 10,  0,  0,  0,  0,  0,  0,  8,  8,  8,  8,  8,  8,  8,  8,  8,  8,  0,  0,  0,  0,  0,  0, 10,  8,  8,  8,  8,  8,  8,  8,  8,  8, 10,  0,  0,  0,  0,  0,  0,  8,  8,  8,  8,  8,  8,  8,  8,  8,  8,  0,  0,  0,  0,  0,  0, 10,  2,  9,  2,  8,  8,  8, 10,  9, 11, 10,  0,  0,  0,  0,  0,  0,  8,  9,  9,  8,  8,  8,  8,  9,  9, 10,  0,  0,  0,  0,  0,  0, 10,  8,  8,  8,  8,  8,  8,  8,  8,  8, 10,  0,  0,  0,  0,  0,  0,  8,  8,  8,  8,  8,  8,  8,  8,  8,  8, 10,  0,  0,  0},
  '{  0,  0, 10,  8,  8,  8, 12, 12,  8,  8,  8, 14, 12, 14, 10,  0,  0,  0,  0,  8,  8,  8,  8, 12, 12,  8,  8,  8, 12, 12,  8,  0,  0,  0,  0, 10, 12, 12,  8,  8,  8, 14, 12, 14,  8,  8,  8, 10,  0,  0,  0,  0,  8, 12, 12,  8,  8,  8, 12, 12,  8,  8,  8,  8,  0,  0,  0,  0, 10, 14, 11,  9, 11, 14,  8, 14, 11,  9,  9, 14, 10,  0,  0,  0,  0,  8, 12,  9,  9, 12,  8,  8, 12,  9,  9, 12,  8,  0,  0,  0,  0, 10,  8,  8,  8,  8,  8,  8,  8,  8,  8,  8,  8, 10,  0,  0,  0,  0,  8,  8,  8,  8,  8,  8,  8,  8,  8,  8,  8,  8, 10,  0,  0},
  '{  0,  0,  8,  8,  8, 12, 12, 12, 12,  8, 14, 12, 12, 12, 10,  0,  0,  0,  0,  8,  8,  8, 12, 12, 12, 12,  8, 12, 12, 12, 12,  0,  0,  0,  0,  2, 12, 12, 12,  8, 14, 12, 12, 12, 14,  8,  8, 10,  0,  0,  0,  0, 12, 12, 12, 12,  8, 12, 12, 12, 12,  8,  8,  8,  0,  0,  0,  0, 10, 14, 12, 12, 12, 14,  8, 14, 12, 12, 12, 12, 10,  0,  0,  0,  0,  8, 12, 12, 12, 12,  8,  8, 12, 12, 12, 12,  8,  0,  0,  0,  0, 10,  8, 14, 12, 14,  8,  8,  8,  8, 12, 12,  8,  8,  0,  0,  0,  0,  8,  8, 12, 12,  8,  8,  8,  8, 14, 12,  8,  8, 10,  0,  0},
  '{  0,  0,  8,  8,  8, 12, 12, 11,  9, 10, 14, 12, 11,  9,  9,  0,  0,  0,  0,  8,  8,  8, 12, 12,  9,  9,  8, 12, 12,  9,  9,  0,  0,  0,  0,  9,  9, 12, 12,  8,  2,  9, 11, 12, 14,  8,  8, 10,  0,  0,  0,  0,  9,  9, 12, 12,  8,  9,  9, 12, 12,  8,  8,  8,  0,  0,  0,  0, 10, 14, 12, 12, 12, 14,  8, 14, 12, 12, 12, 12, 10,  0,  0,  0,  0,  8, 12, 12, 12, 12,  8,  8, 12, 12, 12, 12,  8,  0,  0,  0,  0, 10, 14, 12, 12, 12, 14,  8,  8, 12, 12, 12, 12,  8,  0,  0,  0,  0,  8, 12, 12, 12, 12,  8,  8, 14, 12, 12, 12,  8, 10,  0,  0},
  '{  0, 10,  8,  8,  8, 12, 12,  9,  9, 10, 14, 12, 11,  9,  2, 10,  0,  0,  8,  8,  8,  8, 12, 12,  9,  9,  8, 12, 12,  9,  9, 10,  0,  0, 10,  9,  9, 12, 12,  8,  2,  9, 11, 12, 14,  8,  8,  8, 10,  0,  0, 10,  9,  9, 12, 12,  8,  9,  9, 12, 12,  8,  8,  8,  8,  0,  0, 10,  8,  8, 14, 12, 14,  8,  8,  8, 14, 12, 12,  8,  8, 10,  0,  0,  8,  8,  8, 12, 12,  8,  8,  8,  8, 12, 12, 14,  8,  8,  0,  0, 10,  8, 14, 12, 12, 12, 14,  8,  8, 12, 12, 12, 12,  8, 10,  0,  0, 10,  8, 12, 12, 12, 12,  8,  8, 12, 12, 12, 12, 14,  8, 10,  0},
  '{  0,  8,  8,  8,  8,  8, 12, 12,  2,  8,  8, 12, 12,  6,  8, 10,  0, 10,  8,  8,  8,  8, 14, 12, 12,  8,  8,  8, 12, 12, 10,  8,  0,  0, 10,  8, 12, 12, 14,  8,  8,  6, 12, 14,  8,  8,  8,  8, 10,  0,  0,  8, 10, 12, 12,  8,  8, 10, 12, 12,  8,  8,  8,  8,  8,  0,  0, 10,  8,  8,  8,  8,  8,  8,  8,  8,  8,  8,  8,  8,  8, 10,  0,  0,  8,  8,  8,  8,  8,  8,  8,  8,  8,  8,  8,  8,  8,  8, 10,  0, 10,  8, 14, 11,  9, 11, 14,  8,  8, 12,  9, 11, 12,  8,  8,  0,  0,  8,  8, 12,  9,  9, 12,  8,  8, 12, 11,  9, 12, 14,  8, 10,  0},
  '{  0,  8,  8,  8,  8,  8,  8,  8,  8,  8,  8,  8,  8,  8,  8, 10,  0, 10,  8,  8,  8,  8,  8,  8,  8,  8,  8,  8,  8,  8,  8,  8,  0,  0, 10,  8,  8,  8,  8,  8,  8,  8,  8,  8,  8,  8,  8,  8, 10,  0,  0,  8,  8,  8,  8,  8,  8,  8,  8,  8,  8,  8,  8,  8,  8,  0,  0, 10,  8,  8,  8,  8,  8,  8,  8,  8,  8,  8,  8,  8,  8, 10,  0,  0,  8,  8,  8,  8,  8,  8,  8,  8,  8,  8,  8,  8,  8,  8, 10,  0, 10,  8,  8,  2,  9, 11,  8,  8,  8,  2,  9,  9,  8,  8,  8,  0,  0,  8,  8,  8,  9,  9,  8,  8,  8,  8,  9,  9,  2,  8,  8, 10,  0},
  '{  0,  8,  8,  8,  8,  8,  8,  8,  8,  8,  8,  8,  8,  8,  8, 10,  0, 10,  8,  8,  8,  8,  8,  8,  8,  8,  8,  8,  8,  8,  8,  8,  0,  0, 10,  8,  8,  8,  8,  8,  8,  8,  8,  8,  8,  8,  8,  8, 10,  0,  0,  8,  8,  8,  8,  8,  8,  8,  8,  8,  8,  8,  8,  8,  8,  0,  0, 10,  8,  8,  8,  8,  8,  8,  8,  8,  8,  8,  8,  8,  8, 10,  0,  0,  8,  8,  8,  8,  8,  8,  8,  8,  8,  8,  8,  8,  8,  8, 10,  0, 10,  8,  8,  8, 10,  8,  8,  8,  8,  8, 10, 10,  8,  8,  8,  0,  0,  8,  8,  8, 10, 10,  8,  8,  8,  8,  8, 10,  8,  8,  8, 10,  0},
  '{  0,  8,  8,  8,  8,  8,  8,  8,  8,  8,  8,  8,  8,  8,  8, 10,  0, 10,  8,  8,  8,  8,  8,  8,  8,  8,  8,  8,  8,  8,  8,  8,  0,  0, 10,  8,  8,  8,  8,  8,  8,  8,  8,  8,  8,  8,  8,  8, 10,  0,  0,  8,  8,  8,  8,  8,  8,  8,  8,  8,  8,  8,  8,  8,  8,  0,  0, 10,  8,  8,  8,  8,  8,  8,  8,  8,  8,  8,  8,  8,  8, 10,  0,  0,  8,  8,  8,  8,  8,  8,  8,  8,  8,  8,  8,  8,  8,  8, 10,  0, 10,  8,  8,  8,  8,  8,  8,  8,  8,  8,  8,  8,  8,  8,  8,  0,  0,  8,  8,  8,  8,  8,  8,  8,  8,  8,  8,  8,  8,  8,  8, 10,  0},
  '{  0,  8,  8,  8,  8,  8,  8,  8,  8,  8,  8,  8,  8,  8,  8, 10,  0, 10,  8,  8,  8,  8,  8,  8,  8,  8,  8,  8,  8,  8,  8,  8,  0,  0, 10,  8,  8,  8,  8,  8,  8,  8,  8,  8,  8,  8,  8,  8, 10,  0,  0,  8,  8,  8,  8,  8,  8,  8,  8,  8,  8,  8,  8,  8,  8,  0,  0, 10,  8,  8,  8,  8,  8,  8,  8,  8,  8,  8,  8,  8,  8, 10,  0,  0,  8,  8,  8,  8,  8,  8,  8,  8,  8,  8,  8,  8,  8,  8, 10,  0, 10,  8,  8,  8,  8,  8,  8,  8,  8,  8,  8,  8,  8,  8,  8,  0,  0,  8,  8,  8,  8,  8,  8,  8,  8,  8,  8,  8,  8,  8,  8, 10,  0},
  '{  0,  8,  8, 10,  8,  8,  8, 10, 10, 10,  8,  8, 10, 10,  8, 10,  0, 10,  8,  8,  8,  8, 10,  8,  8,  8,  8, 10,  8,  8,  8,  8,  0,  0, 10,  8, 10, 10,  8,  8, 10, 10, 10,  8,  8, 10, 10,  8, 10,  0,  0,  8,  8,  8,  8, 10,  8,  8,  8,  8, 10,  8,  8,  8,  8,  0,  0, 10,  8, 10, 10,  8,  8, 10, 10, 10,  8,  8, 10, 10,  8, 10,  0,  0,  8,  8,  8,  8, 10,  8,  8,  8,  8, 10,  8,  8,  8,  8, 10,  0, 10,  8, 10, 10,  8,  8, 10, 10, 10,  8,  8,  8, 10,  8,  8,  0,  0,  8,  8,  8,  8, 10,  8,  8,  8,  8, 10, 10,  8,  8,  8, 10,  0},
  '{  0,  8, 10,  0,  0,  8,  8,  0,  0, 10,  8, 10,  0,  0, 10, 10,  0,  0, 10,  8,  8,  0,  0, 10,  8,  8, 10,  0, 10,  8,  8, 10,  0,  0, 10, 10,  0,  0, 10,  8, 10,  0, 10,  8, 10,  0,  0, 10, 10,  0,  0, 10,  8,  8, 10,  0, 10,  8,  8, 10,  0, 10,  8,  8, 10,  0,  0, 10, 10,  0,  0, 10,  8, 10,  0, 10,  8, 10,  0,  0, 10, 10,  0,  0, 10,  8,  8, 10,  0, 10,  8,  8, 10,  0,  0,  8,  8, 10,  0,  0, 10, 10,  0,  0, 10,  8, 10,  0,  0,  8,  8,  0,  0, 10,  8,  0,  0, 10,  8,  8, 10,  0,  0,  8,  8, 10,  0,  0, 10,  8, 10,  0,  0},
  '{  0, 10,  0,  0,  0, 10, 10,  0,  0,  0, 10,  0,  0,  0,  0,  0,  0,  0,  0, 10,  0,  0,  0,  0, 10, 10,  0,  0,  0, 10, 10,  0,  0,  0, 10,  0,  0,  0,  0, 10,  0,  0,  0, 10,  0,  0,  0,  0,  0,  0,  0,  0, 10, 10,  0,  0,  0, 10, 10,  0,  0,  0, 10, 10,  0,  0,  0,  0,  0,  0,  0,  0, 10,  0,  0,  0, 10,  0,  0,  0,  0, 10,  0,  0,  0, 10, 10,  0,  0,  0, 10, 10,  0,  0,  0,  0, 10,  0,  0,  0,  0,  0,  0,  0,  0, 10,  0,  0,  0, 10, 10,  0,  0,  0, 10,  0,  0,  0, 10, 10,  0,  0,  0, 10, 10,  0,  0,  0,  0, 10,  0,  0,  0},
  '{  0,  0,  0,  0,  0,  0,  0,  0,  0,  0,  0,  0,  0,  0,  0,  0,  0,  0,  0,  0,  0,  0,  0,  0,  0,  0,  0,  0,  0,  0,  0,  0,  0,  0,  0,  0,  0,  0,  0,  0,  0,  0,  0,  0,  0,  0,  0,  0,  0,  0,  0,  0,  0,  0,  0,  0,  0,  0,  0,  0,  0,  0,  0,  0,  0,  0,  0,  0,  0,  0,  0,  0,  0,  0,  0,  0,  0,  0,  0,  0,  0,  0,  0,  0,  0,  0,  0,  0,  0,  0,  0,  0,  0,  0,  0,  0,  0,  0,  0,  0,  0,  0,  0,  0,  0,  0,  0,  0,  0,  0,  0,  0,  0,  0,  0,  0,  0,  0,  0,  0,  0,  0,  0,  0,  0,  0,  0,  0,  0,  0,  0,  0,  0}};
Width:   133  Height:    17
