'{'{  0,  0,  0,  0,  0,  0,  0,  0,  0,  0,  0,  0,  0,  0,  0,  0,  0,  0,  0,  0,  0,  0,  0,  0,  0},
  '{  0,  0,  0,  0,  0,  0,  0,  0,  0,  0,  0,  0,  0,  0,  0,  0,  0,  0,  0,  0,  0,  0,  0,  0,  0},
  '{  0,  0,  0,  0,  0,  0,  0,  0,  0,  0,  0,  0,  0,  0,  0,  0,  0,  0,  0,  0,  0,  0,  0,  0,  0},
  '{  0,  0,  0,  0,  0,  0,  0,  0,  0,  0,  0,  0,  0,  0,  0,  0,  0,  0,  0,  0,  0,  0,  0,  0,  0},
  '{  0,  0,  0,  0,  0,  0,  0,  0,  0,  0,  0,  0,  5,  5,  5,  0,  0,  0,  0,  0,  0,  0,  0,  0,  0},
  '{  0,  0,  0,  0,  0,  0,  0,  0,  0,  0,  0,  5,  5,  5,  5,  5,  0,  0,  0,  0,  0,  0,  0,  0,  0},
  '{  0,  0,  0,  0,  0,  0,  0,  0,  0,  5,  5,  5,  5,  5,  5,  5,  5,  5,  0,  0,  0,  0,  0,  0,  0},
  '{  0,  0,  0,  0,  0,  0,  0,  0,  5,  5,  5,  5,  5,  5,  5,  5,  5,  5,  5,  0,  0,  0,  0,  0,  0},
  '{  0,  0,  0,  0,  0,  0,  0,  5,  5,  5,  5,  8,  6, 10,  5,  5,  5,  6,  6, 10,  0,  0,  0,  0,  0},
  '{  0,  0,  0,  0,  0,  0,  0,  5,  5,  5, 10, 12, 12,  6, 10,  5,  6, 12, 12,  6, 10,  0,  0,  0,  0},
  '{  0,  0,  0,  0,  0,  0,  0,  5,  5,  5,  6, 12, 12, 11, 10, 10, 12, 12, 11, 11,  0,  0,  0,  0,  0},
  '{  0,  0,  0,  0,  0,  0,  5,  5,  5,  5,  6, 12, 11,  9, 10, 10, 12, 12,  9,  9,  0,  0,  0,  0,  0},
  '{  0,  0,  0,  0,  0,  0,  5,  5,  5,  5,  8, 12, 11,  9, 10, 10,  6, 12, 11,  9, 10,  0,  0,  0,  0},
  '{  0,  0,  0,  0,  0,  5,  5,  5,  5,  5,  5,  8,  6, 10,  5,  5, 10,  6,  6, 10,  5,  5,  0,  0,  0},
  '{  0,  0,  0,  0,  0,  5,  5,  5,  5,  5,  5,  5, 10,  5,  5,  5,  5,  5, 10,  5,  5,  5,  0,  0,  0},
  '{  0,  0,  0,  0,  0,  5,  5,  5,  5,  5,  5,  5,  5,  5,  5,  5,  5,  5,  5,  5,  5,  5,  0,  0,  0},
  '{  0,  0,  0,  0,  0,  5,  5,  5,  5,  5,  5,  5,  5,  5,  5,  5,  5,  5,  5,  5,  5,  5,  0,  0,  0},
  '{  0,  0,  0,  0,  0,  5,  5,  5,  5,  5,  5,  5,  5,  5,  5,  5,  5,  5,  5,  5,  5,  5,  0,  0,  0},
  '{  0,  0,  0,  0,  0,  5,  5,  5,  5,  5,  5,  5,  5,  5,  5,  5,  5,  5,  5,  5,  5,  5,  0,  0,  0},
  '{  0,  0,  0,  0,  0,  5,  5,  5,  0,  5,  5,  5,  0,  0,  5,  5,  5,  5,  0,  5,  5,  5,  0,  0,  0},
  '{  0,  0,  0,  0,  0,  0,  5,  0,  0,  0,  5,  5,  0,  0,  0,  5,  5,  0,  0,  0,  5,  0,  0,  0,  0},
  '{  0,  0,  0,  0,  0,  0,  0,  0,  0,  0,  0,  0,  0,  0,  0,  0,  0,  0,  0,  0,  0,  0,  0,  0,  0},
  '{  0,  0,  0,  0,  0,  0,  0,  0,  0,  0,  0,  0,  0,  0,  0,  0,  0,  0,  0,  0,  0,  0,  0,  0,  0},
  '{  0,  0,  0,  0,  0,  0,  0,  0,  0,  0,  0,  0,  0,  0,  0,  0,  0,  0,  0,  0,  0,  0,  0,  0,  0},
  '{  0,  0,  0,  0,  0,  0,  0,  0,  0,  0,  0,  0,  0,  0,  0,  0,  0,  0,  0,  0,  0,  0,  0,  0,  0}};
Width:    25  Height:    25
